0.8706420249165706
0.8170213141005077
0.6952185880652617
0.11019255865092015
0.1207147515682816
0.7926776016703437
0.5838492392731409
0.037910140663823144
0.12150820792905137
0.8555707598182766
0.18959672339378864
0.739539616098326
0.7338070066786866
0.9491839505649969
0.24173516630048775
0.7410536301509933
0.501788830237045
0.7225295137768881
0.3008076198972275
0.8769234987927601
0.06800501708510154
0.8148569635512949
0.8378569022844551
0.794905073510297
0.36118130926257874
0.500969285366994
0.6290312483758483
0.3048964549839349
0.8782556636925739
0.6006013954678231
0.14122840469420217
0.15007438740245793
0.09883839090095126
0.3896187165225222
0.9314798609713666
0.9123973987382092
0.9873673713997198
0.3960201415781589
0.33491175035754894
0.7716529983982529
0.8206439337819863
0.5217914926354528
0.6360241747562916
0.7302110789598153
0.18740547290293652
0.6844263296230869
0.9973151069138623
0.09555699730580325
0.9389859201510756
0.3390161355919654
0.5915062154650489
0.7255063250169388
0.3111185261660342
0.9691169042099703
0.530186512292785
0.2594423861289692
0.991658609360679
0.46373064353597593
0.13343799171969217
0.5312857225635054
0.8571359721976426
0.7476172675517413
0.4716152619123414
0.06619634912576389
0.8263738211806946
0.23960982825153854
0.16256967149606993
0.16889150177525414
0.01409647313316753
0.46108473642526815
0.9676176097851406
0.5055061582724119
0.4490542377082618
0.3207693181903529
0.5824394935599854
0.9760847986065723
0.0707901964325175
0.6251307961181236
0.1913669937328878
0.3031335786973628
0.04106060674748402
0.9844290126086536
0.07269263368472911
0.03040387013451351
0.6655639868794936
0.8933027586375509
0.11487150730875806
0.5740431715222668
0.47909223107265897
0.4157600975092647
0.9664789845920906
0.7452313498926332
0.07843881570866984
0.5711631398238897
0.18207395494406908
0.16290627572554706
0.7632939695435795
0.9875888597401004
0.35550714687782525
0.8104561204548576
0.45261847222039997
0.5036163714892337
0.017257559810877954
0.6422537688661548
0.5056085714413112
0.35651061607379764
0.19685476868589236
0.9474430654659374
0.36217708513949454
0.32026367010502743
0.5747479378031188
0.22190421068349675
0.534156964120431
0.805891968858224
0.31225239227616963
0.584525661854874
0.8148840554635554
0.37534315393631823
0.8814901453958696
0.6315392500233076
0.9285456010617543
0.28306930250229856
0.21143394603823584
0.5876595804094397
0.9458743344918153
0.5806397929024723
0.9573609232218527
0.31278583959004536
0.25825819397338945
0.019098293440172776
0.3219214247415475
0.034694600415897114
0.19542343626848058
0.26692319178695856
0.017711970546735345
0.3901287677838384
0.25987762424388405
0.7927016805092151
0.330053303758433
0.9963339431611417
0.9521114706092052
0.34587418741626685
0.2093851057055338
0.48338005562951236
0.2828243816444711
0.16909923835509433
0.8058977992458151
0.5792737477562709
0.39248658339001197
0.8533898703549976
0.8994452039769184
0.5601954644606272
0.9814040382015767
0.6085591507002126
0.5256683119459824
0.37009351416147174
0.15226022564749442
0.4770117006545411
0.09839565302054865
0.060035903524002676
0.2939291611723225
0.10560193606270296
0.49092858354374524
0.38034541281101975
0.11229230023042669
0.7245096561332287
0.5404249177405744
0.9421860082819158
0.9767632191175916
0.576637815060529
0.46962463905395835
0.14317957014210403
0.0495702404315822
0.9649709938689224
0.9261875566208505
0.21303734008077824
0.590848305872848
0.4827182713650531
0.5667159704273017
0.967651800346409
0.31221608084796226
0.18461624381534558
0.35480750007978445
0.5828193718110506
0.45554388387721845
0.03057241974886049
0.5871641532813345
0.5622191495192215
0.19198581126825986
0.6218650152778917
0.8911599500941343
0.3130324093058042
0.26301240658767044
0.20412870563881003
0.5535025338149326
0.44395880370185337
0.41896056251632363
0.7914452892964879
0.5874462152393826
0.7932424471291574
0.9667869435933362
0.5675538055887174
0.6225318368627148
0.013845381023958603
0.6353723447866664
0.2624688356618895
0.1256970422406798
0.37764988333462923
0.7971753658679273
0.18700934825209514
0.8842886678696544
0.24920432891019062
0.8948895666696755
0.13832416804217207
0.11465181288289106
0.740653563076805
0.7843039237467618
0.9909688791112674
0.36926047303021425
0.31694920271805516
0.5780094956670672
0.5232129301054701
0.8770892469742928
0.2854376005970515
0.7221590881718934
0.9677415355279819
0.2363860285735887
0.1607468855251205
0.2687917879072722
0.3636700024401278
0.23355804360033228
0.0708660681941643
0.4605026319379929
0.3544618124322473
0.8768714455406961
0.2829532357688326
0.8509617985463306
0.5975419014290722
0.7510601294160232
0.7919473391844478
0.6354256514170133
0.9761967517987393
0.23675956998294
0.7751468478417122
0.2629327934692868
0.9623923706267029
0.7033884528255443
0.8194703565427167
0.5672460167904194
0.6577297313508886
0.2432290692625778
0.5514372988406222
0.696377297093726
0.15468739716348667
0.1602665530784425
0.7504468110631028
0.6380933024639113
0.17543427526869604
0.7294094164648652
0.05145015550495269
0.37805303808259916
0.9637067903996251
0.8152808015868725
0.9651228841301444
0.24136248000584604
0.2228726653365768
0.2074640721774389
0.4724498908141054
0.556742260777278
0.5505553754476149
0.404867899406415
0.9621996709335536
0.4729243992794342
0.011855895808389971
0.9936707006745232
0.977400335189328
0.20713001248236051
0.7502437521701669
0.06164373599945283
0.8025593784776025
0.13904925781946853
0.5268334857160968
0.3702298732276954
0.9732750719788573
0.8090559760365739
0.6642580480150292
0.10637686759653198
0.24565319290866916
0.6340113220871338
0.7028863416050207
0.8726035838689231
0.6931323232373212
0.1353977138035396
0.755861259241113
0.1290074356776273
0.2765556267133046
0.5435187124333843
0.008486351263089054
0.8958086752796919
0.8911777991517414
0.037573236730500614
0.6611738847172465
0.05817916531220135
0.566404087721435
0.5216412856857218
0.47252278258077884
0.7064648690778731
0.9421354464611789
0.6704397593868877
0.16081159261792433
0.64276302682796
0.433299244107201
0.2300172848485842
0.5083045212411189
0.8971350601994553
0.06072559504807307
0.9308267093632749
0.9872829864289764
0.5802146346433481
0.6769074212616097
0.7001181724897384
0.5011574038092824
0.8461718158312498
0.9706881602795698
0.3512283148971722
0.9401801864893989
0.6719589914532853
0.3327492467949612
0.7330460921746456
0.320984199707545
0.35716600701844947
0.3654024220076387
0.9635039446999829
0.48850306554420686
0.9555347360107092
0.8759452030727983
0.932129926462645
0.6220304553642113
0.20086148894701172
0.7359919174473832
0.09489665417948845
0.34486563292874217
0.4294074533642871
0.9569759431523991
0.2738599693498863
0.7569603536723006
0.24627352118553136
0.6339112668575605
0.8109333407861962
0.09936348031289977
0.832973420839348
0.8414459985596061
0.03950362684946784
0.85371496738583
0.6834546632740807
0.4430433119362046
0.2710495931762883
0.7996137170820236
0.4360844202645646
0.5233556215989285
0.3468017513428492
0.4853606268285534
0.6450679649008733
0.21157948991536268
0.4966582961184015
0.11105652582797498
0.7844184425497344
0.5201796212082006
0.8988941221801406
0.2589000509193209
0.8542816782175598
0.45099641179804073
0.6496895154338873
0.147175391324896
0.04346768347445429
0.016534195905715032
0.36021274409593307
0.7733260362037553
0.5329934836922576
0.7624889631023857
0.1868366863471047
0.5061649120576885
0.8477942936596625
0.22129299580290251
0.2911459185421297
0.9665082349029839
0.8282844706468215
0.3150388479671463
0.8921107203810777
0.44366197515455696
0.3653904628378446
0.39495966463815213
0.374676410145109
0.6878564301188297
0.3790168703995612
0.31429974451415277
0.2704834087766226
0.9437998019280552
0.034937718123828065
0.10731861548038535
0.10218031476430955
0.6920650462473218
0.7477299453672306
0.8556424525133476
0.7500781434130525
0.5457858776192513
0.8692591273857556
0.44777317300843
0.7977517404104684
0.5633615393370979
0.5719656567560907
0.02831437111665036
0.5047325127333019
0.1426637595814847
0.4080798832777168
0.6182131386686713
0.3333677198927575
0.8247681108911241
0.5314700427073379
0.13379919262946394
0.06842075120487379
0.19191075734513896
0.5989241589756806
0.3738286245853406
0.6169559658819678
0.8264550296375662
0.5371230123762035
0.4734740913476785
0.7695479875875078
0.852644738479397
0.6563233066306173
0.5743221735170206
0.17746688087524465
0.8833715202078202
0.9485075205018151
0.0613592775142513
0.6068267726179474
0.6456695460003398
0.3736923104221661
0.9358164143847716
0.9314642056540078
0.76285022570377
0.8599223650053175
0.7940895143034586
0.7242557999777197
0.8107960399333689
0.7270033917821879
0.8913818106008101
0.9256640615487508
0.5632769421561336
0.9450763677437062
0.6074146039418801
0.5279122406791318
0.7230689269978939
0.42778061416636304
0.019987406892107873
0.8374678827189959
0.508913283064893
0.06661264776651055
0.25902867652576733
0.667724761945087
0.06442710909816562
0.9372071309102254
0.911926243152983
0.8090586695201814
0.5165295019854257
0.2842325685897841
0.07840342849596982
0.14742455862894388
0.31384822390892775
0.5157528390632068
0.8471523736025925
0.008902557568730152
0.4064074781431083
0.6227813076182646
0.5134758532041612
0.27000871843310004
0.9331751846698951
0.9126411175932434
0.2038680482471198
0.9078066068711687
0.5901319329913649
0.3187949866523383
0.4015883416622985
0.5400928535775776
0.49679553750127214
0.9484495053275945
0.09475301469229802
0.931298375023392
0.9222730285157963
0.031055520029684813
0.7725442935518635
0.13047805546690927
0.3160357045580128
0.19055478705019813
0.410249286407515
0.6983671586587369
0.8239501290112942
0.37090858495506707
0.34918557603504496
0.623123812838635
0.4309052457324506
0.5587615094226435
0.39420543871969005
0.6249603726916613
0.7138983913333978
0.5939782121757783
0.41374227792913687
0.9228309460371583
0.1983449333731756
0.6966074995755597
0.48333887157060007
0.03509270962567368
0.5306449297151896
0.38171495468741645
0.41058884587307376
0.4951636645771361
0.4469907875174238
0.5298335215656899
0.06271299837114153
0.8408017394880387
0.27586665436112345
0.4481459529555134
0.46148410706929266
0.24528771574044406
0.8438670003521863
0.08940041910667351
0.7270761103571071
0.9189905010372056
0.7659675555440643
0.8988656283909524
0.8007960157746781
0.28769070156341814
0.3524070009978162
0.9794640079503703
0.017731662010140647
0.824449549758198
0.2592018224389452
0.27080949688201705
0.04524375226640298
0.07252198226172202
0.196354406198883
0.6913124340070494
0.5683857809374452
0.3604217188845563
0.04805782415773696
0.6574073091901985
0.2112118453928551
0.7634434374625869
0.5687266325072617
0.37420555860289484
0.06708013541966018
0.7764854439713486
0.8744788455217951
0.7751019890476881
0.35409347072329145
0.4480924035067628
0.26938949845876825
0.6355887777517177
0.20830514188832328
0.6264576458463392
0.34676276967964204
0.7302791890811408
0.9212472041519586
0.5664201054556727
0.0508629687105856
0.0813088334827311
0.7642399691375481
0.8366857155257172
0.6998820281804227
0.25499626807675446
0.031300624410691924
0.21841099144406873
0.2434474322574952
0.28807000880025224
0.3102166012447881
0.579802501496426
0.06937765787192285
0.24191783933790767
0.17039027357638992
0.10244934304984299
0.409787280344739
0.8035287680460913
0.9248217205179434
0.9328444837882937
0.9735778413952607
0.654240788854567
0.1468977474914701
0.18268166626025806
0.493694756644657
0.539801942855543
0.35867517120722425
0.36693463197153164
0.5169457210382556
0.5874697918058708
0.4518014249497403
0.0639842713998966
0.35814652268161806
0.022224009573097336
0.5771278615798452
0.5014630985951545
0.883918703161241
0.12408008687547145
0.20388383222510398
0.6365192711271289
0.13870025906878947
0.8388394732830483
0.9999584462021976
0.7528635290456278
0.1045034379822839
0.4879674110508351
0.8663702961621599
0.8952767721412463
0.7340152871398083
0.4417397729585516
0.9393369699517924
0.16723140839627415
0.5680721543409785
0.9251569624828855
0.05235932758412443
0.9729482579060068
0.7903850579618116
0.8239221205043328
0.712415233451107
0.3194107665313224
0.46579464612852917
0.7854875102805686
0.31181941967861804
0.7850093907234493
0.6891289050569928
0.6846533223571828
0.34308855018792916
0.8304640768297352
0.24040306898214747
0.2361093688625613
0.45051170137682006
0.14945971325237484
0.10544374544581814
0.46443009571750526
0.6717430171746437
0.5985748410942447
0.25320812468037646
0.012956023287016172
0.5625722491563743
0.6994793660597993
0.5564029922874578
0.5096068788259362
0.5918219685055413
0.8457233844962544
0.12970603010168025
0.4437856092497078
0.0819120848537177
0.13107893993958386
0.2715731439585346
0.28030648183557183
0.5783565313868392
0.0677628056735955
0.7128308926857788
0.24507948884588515
0.3928471543746921
0.05781803528056795
0.21399672886104593
0.8370948031373185
0.5843953650956569
0.19434712029463064
0.20155959997825024
0.017505509439885825
0.7412799171360742
0.6380154696332231
0.6925162430103532
0.7916667748366388
0.37186406994454524
0.46105237919275566
0.14633979348318926
0.7245622144990758
0.24950712282843746
0.6437665191389814
0.37082500719332356
0.7411806996991434
0.09465161284118129
0.7925912908357922
0.5862127513128854
0.5506384532199646
0.1180410080539479
0.44484138996410694
0.8556708546117907
0.06830200514244877
0.25928354697982403
0.6494660230805642
0.13447421803709514
0.2043478643768728
0.18715577810989148
0.22218301623049863
0.5702743016950478
0.9143326243003513
0.2943103552218994
0.32108158463785885
0.42932166254920456
0.9972197689480382
0.45131525648170456
0.6310482740995129
0.578173901919399
0.611003931608223
0.34023199671463833
0.2012530819067353
0.7808230728146478
0.5711373581045603
0.47104460935108505
0.7082947023553804
0.45889366255247677
0.6779212173984124
0.5944311230166963
0.9381889824064199
0.5081641639862791
0.9171596763601351
0.4722939075858653
0.5506245559911964
0.20557602036140366
0.4814445538894503
0.4583826031701367
0.12019044092534459
0.03816306385136903
0.7813534536054627
0.4354219925036579
0.5521765606155143
0.05063905239257416
0.24363843888130843
0.5285599305304204
0.019615930329484277
2.0136806664572404E-5
0.44061457958146677
0.09993478681702117
0.22859540712330195
0.7491835892723511
0.8019364905774619
0.3659599088919403
0.34699629029950363
0.6663053516616222
0.6374558654149357
0.772931880155031
0.03833963157414588
0.6086322335239311
0.4299996081446228
0.5904304656536404
0.9067122214088452
0.16258835398943117
0.919628452862517
0.08261720293720287
0.17692943022481122
0.19317969039166472
0.7565251262541107
0.1843571304395547
0.8143424057910714
0.4635761489252893
0.5633625586805484
0.028762249422763286
0.6635906789310753
0.4967929136373683
0.7817165737415124
0.8484187769941719
0.045679640358060825
0.7191614166930731
0.2731170371264635
0.3824716480182987
0.6859456217415453
0.45965996734356496
0.8522223843187271
0.38675417104465326
0.6470721129455298
0.648272693535062
0.9332294175250074
0.1071549577464912
0.3543067568138166
0.10452388543848179
0.26314021782491714
0.0767905520294283
0.31553209990638853
0.5862156175177496
0.10023889978413814
0.17486984344908874
0.37405783086945
0.7689232034792647
0.12800419274955366
0.6303955278803739
0.6389180491432405
0.7042613487481111
0.12973835887232998
0.15865290714855707
0.25368758807140235
0.18592154247535841
0.19503536545827993
0.28031552396791926
0.623613547725512
0.8105277069783967
0.510490576199215
0.017935810836055444
0.8311021881175836
0.7004417863447415
0.33701743782425375
0.9870174747520459
0.4647700703065025
0.1066666194505792
0.3206400676419906
0.9443110653047879
0.25401772060615946
0.9602043079746283
0.8951729906084942
0.42719271020095095
0.7772601102370957
0.8205967667970968
0.814497029183152
0.6676099350027138
0.4711614228005343
0.5527659910465652
0.6217897007927692
0.6135040059872398
0.9450168463894321
0.3263772434766319
0.5649468533615204
0.5471848388251518
0.7522847972420128
0.602056591989857
0.2772393654633927
0.2772261501329427
0.522870005814694
0.25248684704333957
0.29389562866674934
0.6120072877575022
0.6972830848439829
0.9097185667820967
0.3885271657718353
0.49385579303425897
0.9532284070232144
0.9260135132593863
0.21216499650127618
0.9070150640817725
0.12255564489703785
0.5012372489435848
0.30480954394708415
0.5979134559590489
0.5415860156928888
0.7153105373519715
0.6078188703338249
0.4094665517129663
0.8611151668243685
0.02411175727474768
0.4674677891679637
0.7352738651093463
0.33149945238615464
0.2562667965786781
0.493853439020181
0.301344168949497
0.6183588011563567
0.18426254901701022
0.01103514632373559
0.41725881921721997
0.44080571713794225
0.17963568864018953
0.3409487269917856
0.4214294292534537
0.2460262684962018
0.19222128584305864
0.9371933900752037
0.8213848076435263
0.5302917224367758
0.7142328382752359
0.14302634478759402
0.6449586938325211
0.5163872020304764
0.12012226792133063
0.2862520601830524
0.11409561949833691
0.020705341257162058
0.20279242633935202
0.19156046050348763
0.08080060882816398
0.5415849047685604
0.06862969179157397
0.502850875264028
0.11804560421142163
0.005978353958886684
0.7070385381412404
0.6594750942976884
0.812004253003412
0.02210947555073739
0.28176295443612265
0.3266230925657502
0.8930306571981651
0.12640290033399637
0.1356050955856154
0.7863356075460683
0.3412163064712185
0.06560193817505844
0.051642333732405454
0.17636253905921895
0.26416664261292655
0.5484600743864926
0.240239891218466
0.03469137238390074
0.25815487501791534
0.3557150840913006
0.7841095779227704
0.646279092418706
0.9415432915892845
0.8748125392128737
0.6250594613260304
0.9648079186470141
0.7633351165753943
0.879517545039576
0.3197253357688056
0.4058734178515697
0.8750326972104141
0.8743713886660588
0.5268819729247398
0.6879477526680645
0.5795807103795322
0.8915754397426862
0.90665967784488
0.9554145568191093
0.2247629208416636
0.6970766131111604
0.20400026132407267
0.9729816335240071
0.44162511315621433
0.13317679141169547
0.014530517061722592
0.43514188487854566
0.4484172565265466
0.28653177538175667
0.13534862339985876
0.5291336249508339
0.2000741124851122
0.26866804152013457
0.32790748096128675
0.8415110282745151
0.11408361314498816
0.6408119994077094
0.2679141639486564
0.961289774527309
0.42873089445929513
0.27791452440134257
0.74479544940219
0.1851811649336167
0.5874570007410009
0.20568051277054067
0.223693731195437
0.04305229587679249
0.209168596651633
0.34244503449126884
0.6908429432802263
0.9360944165185435
0.3266728522957315
0.3108908593359381
0.28823596837765597
0.13774364850914766
0.562965473963947
0.24535420881004877
0.36841473474245245
0.33497130721746005
0.11335723872424419
0.3195470308691001
0.6525703416250884
0.22281917061362955
0.9958697475391604
0.6041496704135519
0.0717392753956888
0.25060439575094384
0.5040622158972518
0.6259637600610314
0.5308021976232148
0.4612342257976614
0.8008904054958174
0.24549243999325232
0.16117799370875163
0.2427399312891959
0.9062242114004827
0.09196547984134251
0.130350315864465
0.8507239596806688
0.33207861424266183
0.7802047058906827
0.2258492978167732
0.6445794375045941
0.8609094439889735
0.10513893855266576
0.874933909767252
0.17299994019062492
0.6601067996911577
0.011247135917663242
0.6377435992681857
0.5843288619624467
0.8819940385222933
0.5319740104689593
0.5151999912384567
0.7021625771879051
0.5869166463751926
0.048840861012858006
0.3097366214550854
0.4299015592228693
0.5040391590350297
